0883972975
0831085112
0779550594
0410844587
0832230009
0809512510
0445911176
0803191375
0726464276
0658948021
0832264948
0674441295
0715605622
0899294225
0712942179
0793816326
0828241032
0847385664
0644586972
0409510046
0830793122
0831420157
0830062157
0409509254
0845835347
0867759228
0762825519
1011492442
0840749181
0836469503
0831127078
0405501174
0825300645
0825120897
0764308926
0597840494
0807287943
0820966428
0542413805
0822133792
0409507967
0884336726
0691672851
0733855973
0551893277
0655876386
0766313262
0831354732
0893264486
0765740566
0715640462
0500764478
0831932970
0831544475
0646806193
0830903978
0682920481
0830931890
0755626931
0895493211
